flags: lb
102
2
2
2 -0.4296215 2.200631
2 -0.2306559 1.239594
2 -1.9 2.0
1 1.15 2.0
1 1.689082 0.949346
1 0.15 0.25
1 0.4194076 0.6814011
2 -1.245583 2.013743
2 -0.1590287 2.585197
2 -0.8213574 2.573015
1 0.9 2.0
1 1.65 0.5
2 -0.188569 1.623078
2 -0.2465841 1.870502
2 -1.9 3.0
1 0.65 0.5
2 -1.280134 2.11488
2 -0.2648148 2.497414
1 0.2834706 2.363583
1 1.089915 1.581474
2 -1.881344 1.498479
2 -2.15 0.75
2 -2.15 3.0
2 -0.4290685 1.880289
2 -0.7879841 1.958186
1 0.762578 0.7959312
1 0.8990664 1.322518
2 -0.2345368 1.641724
2 -1.545516 2.928055
1 1.417387 0.2103273
2 -1.4 1.0
2 -0.15 2.75
2 -1.775 0.125
2 -0.7536609 2.225827
1 1.096095 0.4944272
1 1.304497 0.1202018
1 1.4 1.75
1 1.10325 1.787315
2 -0.9260376 2.798627
1 0.4 0.0
2 -0.1627658 1.371635
2 -1.09964 2.654187
2 -0.2118931 0.1803527
1 0.5986305 0.02083979
2 -0.307828 1.231757
2 -0.8713266 2.095375
1 0.672504 0.5118711
2 -1.837699 1.004333
2 -0.457064 1.486864
2 -0.65 0.75
1 1.097565 0.2625602
1 0.5344836 0.1937084
1 1.881344 1.501521
1 1.22742 0.5484541
2 -1.507009 2.749063
2 -1.450078 1.666464
2 -0.4371803 2.112404
1 1.4 3.0
2 -1.9 0.25
2 -0.9641781 2.904194
2 -0.5379554 1.16256
1 1.228348 1.126015
1 0.2696098 1.901248
2 -0.5141514 1.07605
1 1.964494 1.868871
1 0.4594225 0.04676332
2 -0.5029494 1.359503
2 -0.2598367 2.594157
1 0.548527 0.003236402
2 -0.8767867 1.682531
1 0.9344985 0.4874029
2 -1.142148 2.515135
2 -1.4 3.0
2 -1.9 2.25
1 1.992762 0.4994981
2 -0.65 0.5
1 0.6603032 2.678281
2 -1.044621 2.074434
1 1.290045 0.5711103
1 0.8231127 0.08951778
2 -1.65 1.25
1 1.65 2.5
2 -1.4 0.75
1 0.4419586 1.054922
1 0.4 0.5
2 -0.8040374 2.598499
1 1.545516 0.07194471
1 0.15 0.5
1 2.15 2.0
1 0.647976 0.7098659
1 0.7775909 1.238407
1 0.3945122 0.004325141
2 -0.65 1.5
2 -1.936915 1.126546
1 0.718697 2.083126
2 -1.65 1.5
1 0.4494009 1.190003
2 -1.240749 1.42384
1 0.5029494 1.640497
1 0.7774723 0.3560797
1 1.105978 1.318825
2 -1.212816 2.248839
