flags: lb
77
2
6
2 -1.431133 -0.829527
1 -0.023685 0.369931
1 -0.155399 -0.170747
1 -0.077707 -0.28845
2 0.782575 -1.674961
1 -0.255736 -0.148834
1 -0.472898 0.018208
2 -1.972681 0.010537
2 0.973406 1.670871
1 0.094399 0.315242
1 0.383108 -0.118063
2 -0.449896 -1.467852
1 -0.360494 -0.288361
2 0.091649 1.809308
2 -1.665687 -0.946878
2 1.534898 -0.619886
2 0.706325 1.417876
1 -0.350247 -0.233266
2 0.862766 1.279799
1 -0.296288 0.298999
2 -0.628499 -1.790395
1 -0.054688 0.260304
2 -0.804861 -1.410958
1 0.084232 -0.298181
1 -0.028428 -0.240332
2 0.947269 -1.722939
1 -0.309755 0.216001
2 -1.41178 -1.257737
1 -0.074223 0.193374
2 1.533569 0.246905
2 1.125756 -1.136184
2 1.772965 0.29023
2 0.680661 1.700904
1 -0.01719 0.370719
1 0.052098 -0.413115
2 1.920338 -0.464453
2 1.428025 -0.579262
2 0.76026 1.324827
2 -1.560776 -0.920507
1 -0.164265 -0.423242
1 0.477344 0.055863
1 0.282047 -0.076074
1 -0.18871 -0.20959
1 0.090037 0.381673
1 0.000955 -0.07788
1 0.11038 -0.414997
1 0.052915 -0.066958
2 0.088807 1.941161
1 -0.157554 0.319673
2 -0.14563 1.731573
2 -1.946115 0.442485
1 0.466622 0.100569
2 -0.861898 -1.524147
1 0.124829 0.21763
2 1.600347 1.096361
1 0.251399 0.427102
4 -3.0 3.0
2 -1.214872 1.519445
2 1.668574 -0.146804
1 0.342746 -0.129409
2 0.561296 1.831498
1 0.104896 0.372752
1 0.136356 0.185301
1 -0.061975 0.058181
1 -0.492157 -0.043656
1 0.437043 -0.223718
1 -0.137695 0.159095
2 -0.385669 -1.948552
2 -1.318882 1.136489
1 0.112484 -0.147969
2 -1.160073 -1.371242
2 0.637807 -1.415698
2 0.594739 1.715201
2 0.731179 -1.844577
1 -0.294545 0.261839
1 0.328795 0.113422
1 0.007914 0.357743
