flags: l
100
3
2
0.00323 0.184 0.572 2
0.0343 1.31 0.984 2
0.975 0.0887 -0.0287 1
0.0158 -0.00147 -0.209 2
0.0273 0.994 0.99 2
-0.000554 0.214 0.497 2
-0.36 1.03 -0.0163 1
0.345 -0.877 -0.0679 1
-0.203 -1.0 0.00453 1
0.00052 1.67 -0.811 2
0.875 -0.309 0.0516 1
-0.0276 1.88 0.391 2
-0.0844 1.88 -0.414 2
0.688 -0.724 0.00145 1
-0.00411 0.665 -0.988 2
-0.0317 -1.04 0.0108 1
-0.0445 1.89 0.374 2
-1.0 -0.0656 0.0947 1
1.03 -0.26 0.0727 1
0.633 0.783 0.00724 1
0.754 0.742 -0.0179 1
-0.636 0.774 0.00803 1
0.885 0.601 0.037 1
-0.0216 -0.998 0.00931 1
-0.00573 1.99 -0.0836 2
0.0505 1.65 0.872 2
-0.677 0.804 -0.00521 1
1.04 0.0493 0.0813 1
0.00622 1.22 -0.985 2
0.653 -0.846 0.0211 1
0.0351 1.24 0.974 2
-0.0954 0.975 -0.991 2
-0.00337 1.68 0.728 2
0.0673 0.205 0.587 2
1.01 0.156 0.0693 1
0.0282 1.69 -0.702 2
-0.000667 0.0688 0.386 2
0.177 -0.906 0.00297 1
-0.0253 0.91 -1.0 2
0.137 1.05 -0.0266 1
-0.633 0.816 0.0213 1
0.0516 0.691 0.875 2
-0.00217 0.0498 -0.0802 2
0.00415 1.56 0.902 2
-0.0483 1.09 0.0242 1
-0.0141 1.65 0.627 2
0.055 1.85 0.449 2
-0.886 0.576 -0.00618 1
-0.202 -0.987 -0.00423 1
0.0105 1.7 -0.73 2
0.19 0.907 0.0565 1
0.987 -0.121 0.0235 1
-0.967 -0.254 0.000749 1
-0.895 -0.484 -0.0627 1
0.00998 1.97 0.17 2
0.0105 0.13 0.549 2
-0.707 0.709 -0.0552 1
1.03 -0.0982 -0.0874 1
0.0564 0.0324 0.422 2
0.449 0.853 0.055 1
-0.000988 0.319 0.776 2
-0.0155 0.651 0.898 2
-0.607 -0.796 -0.0096 1
0.693 0.632 0.0583 1
-0.179 -0.912 -0.0128 1
-0.197 -0.941 0.023 1
0.863 -0.531 -0.0401 1
-0.0179 1.74 0.754 2
0.84 0.374 0.0122 1
0.00162 2.02 0.0433 2
-0.00815 1.65 0.764 2
0.378 0.932 -0.0461 1
0.0801 0.221 0.564 2
-0.532 0.852 -0.00885 1
-0.0228 1.49 0.878 2
-0.758 0.727 -0.0836 1
-0.45 -0.925 0.0583 1
0.0215 0.703 -0.971 2
0.0445 1.76 -0.654 2
-0.0539 1.31 0.872 2
0.137 -0.954 -0.0654 1
-0.478 -0.767 0.0241 1
0.675 -0.82 -0.0395 1
-0.0255 1.45 0.923 2
0.0172 1.35 -0.925 2
-0.0183 0.851 -0.995 2
-0.702 0.69 0.0282 1
0.0211 0.154 0.653 2
-0.947 0.392 -0.00511 1
-0.0225 0.0945 0.271 2
-0.542 0.745 -0.0327 1
0.91 0.176 -0.0561 1
0.000969 0.613 -0.827 2
-0.891 -0.305 0.0352 1
0.0199 0.624 -0.892 2
-0.93 -0.427 -0.0793 1
0.0177 1.72 -0.652 2
-0.245 0.925 -0.0189 1
0.134 -0.98 -0.023 1
0.0147 1.76 0.637 2
